9.2456694023828
12.940214443557165
10.415088583726787
10.09497902399497
15.995683979452403
14.540816214107606
12.256154412818487
11.396135558621408
11.69699343853483
13.406585252040188
6.343152045244155
10.388343589974586
13.041155491738404
12.327275319933072
13.648120621820443
13.628668470167625
13.394877462896044
12.906502120387067
11.004681585152628
11.721078413997924
11.5798161561921
14.368568769688228
11.349555908172634
10.474272163446818
12.4213157288764
12.13874144702305
13.235238202164
12.595552141952666
9.794126839364255
13.194559672127346
13.43069268841847
14.253520212820428
8.444888743847237
13.287493827203644
10.973601991932348
12.665264676603035
11.733600177057987
13.300473037580833
12.643848403466933
12.8769564944818
14.139046696137063
11.016200161740358
11.34969330783228
7.014999407564149
13.317951107969227
13.681170861025821
12.988153299618165
11.328743440362919
10.764769682609641
12.514776083640294
10.56474900006198
11.05348239723067
12.179714059424867
14.731988072656971
6.80244760836678
12.500705305004837
10.62015171991774
12.667563716284835
14.424635127882055
13.201981220957556
10.567283533138353
12.306375591047646
12.675894389875356
13.844236672625774
10.901976013958839
14.730550898918478
13.226361084018048
12.068735298016657
12.812824482359199
10.326272441083024
13.580554232420083
11.04168274210054
13.909809400962606
10.66454165712211
10.256527755798404
14.443204256675951
20.19479648588302
11.465593907640475
11.697722923128053
13.01282367274182
12.662840821135653
11.42217051484913
11.689440476136527
12.767144370354126
11.817268312565524
13.581655659670853
13.31084877828193
5.4102048466193935
13.474348896454337
12.731135204255152
11.640453187708278
10.554655915407176
14.202205889634625
12.240767196153582
11.382781412483098
14.496703562833519
10.54890444892694
12.162575606670208
19.34012131473407
13.551303323001568
12.211309865304514
10.948428517753761
11.523274377681226
14.001548477778266
11.499727791447068
12.060752722919489
12.506913866333571
12.754834573870342
12.355188900270061
5.216275233556039
12.733565182162764
12.6244519893034
13.556037330623855
11.666117875449016
13.067723264148897
10.724186489258376
13.192556747436058
10.198130351283774
12.2166298145247
13.553307557604093
9.931168979493723
10.761684799922437
11.793555568983003
13.455733386709568
15.290791062507175
11.790542082957101
12.290899009012142
13.23517211123086
11.498206248412957
11.618418482404934
11.371211741123135
11.73380022576925
13.602892784724379
10.96842905798339
13.941174945242576
14.143921379605882
11.08259779342461
9.957599395010607
13.234435357053798
10.333558229965101
11.19052738051843
14.731074024749828
5.809494378156876
12.429080168247884
11.989258892539024
12.730155908348316
11.325157902090105
12.411375941122131
11.513026691798105
14.10381527284442
12.198894496795383
13.465253688220166
11.2501682198334
9.45485541233061
11.222868846295432
11.110960764171598
10.378531201624758
13.207551424250127
14.063737594632736
12.699433324716903
12.535643168451271
13.381492856276287
12.43048377063569
12.262054692807805
16.4068444884964
13.946226456164275
12.258265250575576
13.391862689099998
12.384397173286239
9.92791733493886
12.89066088422201
11.752820217947903
11.608007141747718
12.369869989094331
13.119926928262053
6.4777358459193515
11.682195084385446
13.905448181582873
12.391006236037416
13.963971609799197
11.389686816833633
14.064294293486313
10.747377814160375
12.373145559257807
11.040757444230529
11.128287661820819
8.982859683883797
11.87516278644643
13.644532915667817
13.255239129523858
14.6657629483177
11.816106288611707
10.166002882209261
12.526488663076995
12.434952050261716
10.541011373312177
11.78692672664445
21.33968630493655
12.580451536826892
12.443266297157148
10.70822844684361
11.799880851153764
13.274448900993375
12.024681614827651
13.711202854270661
12.55788762204645
10.381375782716406
14.237644863311179
13.046445679641598
13.420696444069357
13.145943370356312
12.719115290104407
13.073072506448515
12.459049750418162
10.93178997745069
11.866230299011967
11.04944176837265
11.440376092428586
13.337889653875953
8.832907563650311
12.411015030343593
11.845375154558472
12.069247574074486
12.194882179425253
12.273663082776817
9.897283131824956
12.25306806856345
14.961012316433198
13.303718313076327
11.365604138377785
25.327113759716518
12.420262273831845
12.32684057048156
13.48720117613263
11.1267463287612
12.997934301611684
10.81539502433569
12.680694269971765
12.778397684151717
14.206387926045373
10.601006861967994
7.674447562387151
11.366165694098397
11.328657492348242
15.60112570828243
11.6116479583444
11.392186333084366
12.475111822413098
14.885318338630112
12.186404001980453
11.11625450717793
11.922369117576629
7.964632085742034
11.335713714378324
11.475055325806547
12.438322341099191
10.013373515438198
11.459276275134224
13.234785335281835
12.425977037161243
11.254491360829755
15.07237454868263
14.102826998718042
9.72877619251232
15.278054654413749
10.956215155461624
12.043065588518772
13.973211131837576
11.467587885895062
12.07809589350551
12.528877110672415
11.832413711251172
10.730293429736863
12.206373819165925
12.770986879583617
11.216048318031948
12.488653520508306
11.373650100369606
12.639545142777076
10.94378049956709
11.865123092512956
14.397776301152875
13.524894625127946
13.9219067035201
11.228495678850171
14.083172542147055
14.940066017688645
13.08822135795263
13.378084143703571
10.15887475882213
12.54257492044998
11.045636283309136
10.06118149149518
13.85545326370228
11.871462656909236
12.170650174173243
15.014757468904254
11.11851102159107
13.984756284481268
12.334064873048066
12.64185902884167
11.474541947686282
12.989411141719213
12.670096768705786
11.886353019478896
13.67780255151673
10.001241562190245
13.91446528693622
14.412426328071918
9.861475074233606
14.552068625273975
12.847302201975968
12.887227923547995
11.861666464836508
13.324644998980647
12.24258451102809
9.208040562802305
11.934010392915262
10.29224593984832
12.466400904325145
10.323799574038928
16.00207079600554
10.968981594895235
12.965650569268682
11.843690187894044
13.040165779087944
12.17521915342727
11.949376390585039
11.606239937170809
9.015854014307601
13.402417159591549
12.58947608266264
11.004132682506974
12.486820901944032
13.255789474038112
11.422927515640055
12.231228926761547
12.019102355651203
11.275171262066976
13.573530177457329
16.039265133115716
12.4905122558428
12.504223102983454
13.261604127941132
12.599777045060112
8.991332766005096
12.641600075169523
11.275768109957573
15.728695261691946
11.09899789522586
12.376924959596217
18.16530457718433
13.510473596784111
11.113955596127568
12.421070220906008
10.485205493710598
10.997832504495245
12.436872241902135
12.065772173487533
13.351799233392198
10.826742921518862
15.302157210144479
9.506525317133972
13.350606146867301
12.810981311403928
12.599825639049484
12.269391670483975
11.404771040921
11.582540946890175
12.213512553167325
12.643956527482828
12.060918617270415
12.286113154916688
20.91315517624121
11.253810200842306
12.89407956909315
11.52759618060046
13.829205304674481
11.372964161567488
12.301519325429874
12.363191363057108
14.048152843606145
12.606854711306582
11.933878483015103
12.906464456506283
10.490984252207591
12.488820246869299
12.461469938294131
15.018723788846412
12.442805567860418
11.671159385706199
11.923701233674668
11.514088053394595
12.389509828753676
12.169224334436933
13.979953455963098
10.41789149663256
13.87563161016859
12.869232402492903
11.706950892173598
14.399668528476985
13.090914882094179
11.001762636080885
11.35943606706666
13.244494083285137
10.916849283403462
11.740259827070885
12.041003404928967
10.359360205532614
12.147751347356214
11.520837460562499
13.754633136455372
11.604329245180995
11.310301022634963
15.702747172384045
13.159817806230038
11.392309659630486
12.960324439505888
12.248294188434217
14.449004133878766
10.338058302561448
13.062798210389676
13.861587850098084
11.03364504792284
11.073444405352097
13.957110147815799
12.429359473891667
10.933635673809432
8.96906910710312
14.572486491757347
12.478922210295572
10.861006166812272
11.725281333258136
11.387455428557788
12.185896441450938
12.452512491241814
12.714741278660973
12.344760698710727
12.660467056604311
8.102474910230034
12.392897181812472
11.799756534485105
11.39629484560667
11.168666326072719
11.804221413222898
9.92394530264286
13.031712564751084
15.03244522166206
13.747745960581053
12.534982841301208
16.546802760865685
11.80355544830962
12.508077044145839
14.132155673802261
13.929825304860444
11.232498081032375
9.644709110520305
12.170603350888586
12.995999157971793
12.411874915407276
11.600752030712103
17.785698089933824
10.530812091540392
11.340839530694556
11.214948633711488
11.103821516359018
12.643909511499285
14.385086630543464
13.034827930724392
14.700013790838494
11.877063439109731
12.228610838695735
9.095979941449476
12.124322404211465
14.58054378201653
12.130887208572991
12.615718746086815
11.970066995054337
11.575434362891846
11.400166567730242
11.786651055857185
11.326701007164552
13.842549788082534
12.416365123965644
13.585084146357849
11.72690965297069
11.318577033058384
10.715130639440101
11.171207031114415
14.32813524684615
14.456714410935893
11.145840285228159
13.674378527960958
11.915648540993258
10.235031214278376
10.80885561412819
14.014576646899002
11.864674613252614
11.454490519876572
11.598114939415847
11.738937261690946
13.426483039509645
13.157523746156416
11.181676090385169
14.25637834613521
5.763360589740298
14.138322147924853
13.031620508105823
13.525205486627206
14.008342386001857
10.671048836958018
11.583490463546093
14.238743807848154
9.177161410916856
10.571953601495569
11.722704097476981
6.845874691364828
14.050070273238314
12.46730815433055
13.759808344534951
11.959121361014446
11.336119575983119
12.177517900443323
11.579180637623374
13.670035449924363
10.401777620417628
12.770882294522867
10.58408797819901
12.316092168974182
12.04642531504918
13.970008934994825
11.779418180286887
12.20768094784676
11.825424255587805
12.886586808125363
12.518008775803919
11.396275327270248
12.807438050654786
7.7941034254028185
11.887393917645083
12.778937830539737
13.707197765571584
13.101999422490197
10.961249187423972
12.00450418429742
12.457047258831091
12.262788413233654
11.210733926308453
12.533192256240183
9.894161649055134
13.433250457051386
12.787511792060194
11.338462794127492
12.82038058832528
11.521387186000394
11.825887140926348
15.167594431027542
11.012066003247146
11.723624739860702
11.833771125133731
8.193873930674561
11.405210036516316
13.831178906734626
12.466237866729209
10.416861863314258
12.717520744729734
12.61401574400023
12.478973777302334
12.299951906963377
12.313757909753493
12.932511946818314
5.306761233776928
11.168697143142609
13.42269329386123
11.0150552315849
13.339310604007952
13.558731166450698
10.966221281706707
11.515348441291748
12.731760809536041
12.221169591486847
13.878968722063101
7.959220112039345
13.953674642157193
13.011256670296152
10.876690227400138
13.910652830139599
10.295668790834025
10.717529167761805
11.80636331637039
13.764612590131783
13.091793992947611
11.686592350525032
8.242094336027918
12.068742546536926
11.796526009615416
12.172332628421724
10.64020698577227
11.299800800100456
13.976910347474057
11.764805613932149
12.703947684597857
13.568819982691872
13.948563478851485
9.34263235314676
12.599522667293417
10.475584775155314
12.030952113994337
13.334288848556962
11.682672641627914
13.115355287540746
10.274469288787154
15.04282788100544
13.161832567869018
11.56241149754778
5.951732049456974
10.739512492747762
11.604984129107553
13.546269894021629
10.702748989765464
12.214958121973575
11.165179922706878
10.54298887850479
13.877966595170157
13.25645015965172
15.118274865145242
8.417817677787566
12.777957999946672
12.463031110886437
11.9744857781826
13.172889657026335
11.260752957396596
13.206394784284322
11.55217695480388
14.939791404815368
10.196252210809101
11.684132842940448
10.060825264469402
11.295001995121734
10.892604924546099
9.72374500970042
12.927486835054117
12.523448452351095
10.498924599802548
14.164690119174423
12.11440036296862
14.227218091292007
14.275224574478175
13.068796335844434
10.5241281567123
15.41787840527821
10.700222531019257
12.268063027144956
12.509696602220515
12.762079313081841
12.67463113862947
12.791874751049694
11.186394282284295
12.653390443694564
10.546626955955658
12.983198215244602
12.076617671413182
12.470288458073792
10.762759553848854
14.150600199970222
11.932691423967475
11.724819263791352
12.865981880734955
12.559341197822256
11.441372053737965
11.222683163858298
9.96405477273715
10.948036329044035
12.882193156788741
13.203669919172333
11.883698317081278
12.929967105809519
12.918868141339445
11.269071275101345
15.540678045770033
11.903552541826304
6.224614722806695
13.031932710668553
11.764396003537517
12.692827566313417
13.199622722652157
12.134201635441212
13.219773067347376
11.72263569886164
12.823903238325116
12.591274909511272
10.383506539204317
9.18004815127837
11.471657522308284
12.354783586624913
14.15530428723908
14.134958150472059
12.330790449249507
11.856023950681946
13.397215956523018
11.899274344135993
10.619974612887178
10.612432875931821
19.856915668411112
13.600950648832269
13.087477786521292
12.605014333134104
12.64428452854838
10.61792335743832
13.2702745222383
10.293593710224267
12.980895973021173
13.344306451938937
11.728263925953673
7.15979667330523
11.707149427486788
12.367990161025483
12.44068313587173
11.3632775464315
13.092796113250929
13.977686212029429
13.006277315290811
13.10387070316189
11.922669531314646
10.83848951850419
9.97508961677388
13.188348275584334
13.460747924984974
9.519555626917665
11.770653601356939
13.829865418344395
12.439399058995761
12.672131011482623
12.011658654012832
12.023834770483742
12.9709151255226
13.385069969311763
11.721788453999176
9.692019263377578
11.763751013467997
14.407983110634163
11.549673023182143
10.09659480379806
14.394858041437038
11.590449781742155
13.996761328269079
12.235522372276433
27.609241903011778
10.975989587130432
13.174166436140458
9.673101735470912
12.150089414008576
12.907789451857589
11.809190005546164
12.606975901235147
12.249212227679148
14.578800199175713
12.674754962227933
11.07322534117004
13.409838734286646
13.119663071478634
12.829727310401484
10.661635838322685
11.644485595617505
14.616224053875165
12.482478892681852
12.08810096456886
10.404683822398546
12.136752388152429
15.041937618727003
11.318131978459881
14.181880610177696
10.605426021844124
13.33239712595948
11.552587957999341
14.318201214937272
12.97839685755408
12.416266555632642
12.37469218396028
10.201038528583755
19.83300346288936
13.709288145694075
11.1240089609472
13.978079255599841
11.725634212750865
11.409590149998488
12.140985084739365
10.883419807816546
10.379760449906117
12.542773059378106
15.977643231053177
8.589561796068699
11.25010617233805
12.546938866862439
12.28736633299698
12.285842467981995
15.360091162509844
11.019674177407815
10.739139727247755
9.353815099718043
13.525686201156445
14.525461629804466
11.676068067518878
11.259658114306172
11.922844619829357
12.846814735727293
13.140729886909682
11.568551036852867
14.379690563924918
12.333436271853934
12.323600576993
12.473496014010406
11.98902958072893
7.8552151999578825
11.590523062627803
12.613079939998181
12.753134524904484
10.332750739469
12.611722813430683
12.524538219134177
13.922660377895234
12.70205201543001
13.461416083665876
12.107789047071956
6.483579035852001
12.422010863052982
13.638608725526423
11.715688948963216
13.077822442462596
13.025314983164286
10.722779354174566
10.157239129545585
12.917759127255572
14.476154845320506
11.093592944749517
9.461020028568734
13.529116932051295
11.43875694163748
13.0111286093073
11.229953474450122
11.761862601309707
12.173427822519029
10.74025951678466
11.687477321823993
14.010660748967407
13.54598598339113
19.252662137569754
11.85298155163833
12.688318858645307
13.784162662897506
12.742844142025838
11.997904798299446
10.86482127172776
14.270739788155199
11.276794856922995
10.831290766168223
12.852083483284542
9.219092304746335
12.686178819933737
12.987766153007447
11.829229415758341
11.601508746003587
11.716428369108685
11.157463918827375
11.688343377988573
11.890139510794649
12.641267692201422
14.282350906534973
27.536562760413233
13.219243321040022
11.082312716417084
13.22393593909265
12.449322420762625
12.093198107565314
13.234867591964733
11.620347428465857
11.692996482381695
11.877479186610762
13.791767315853464
14.565923991882851
11.772425148200634
13.997324378933579
13.39779506725121
12.727417651717166
9.70283960900937
9.455035515905347
11.885344724993358
14.383662710526677
12.785238733301325
12.936055027434703
13.966725504156905
9.555233730743971
13.090530335642395
11.273083632291717
13.48550984643611
14.008170659968743
12.96125268896461
11.973262453015845
12.153188440528782
13.34222592263971
11.502168013369834
10.376068811353514
11.91186454827891
12.69602559495633
14.31094645858077
13.28581562527113
10.523413967829816
12.911443195378176
14.818896431071403
9.578865225789512
10.256269554891341
12.24852754190312
18.252235723564876
12.585577664350573
11.102982745402498
11.2371596005839
13.631535371529523
14.96307208228999
10.684194398031192
14.39969867253951
11.78170596452693
12.272162793686102
12.234844493042326
12.395277764693063
12.226019598148165
10.227357689707164
13.732671804808504
12.305141648148878
13.978048365204387
13.336213073447857
12.54162656725185
12.65058341120184
11.619293168265363
10.865086927308854
9.488597259122223
13.617388526064587
11.794492924565679
11.7167116517904
11.181887469531679
15.065726827069296
11.962017332166921
11.396623784432434
11.999665718898898
12.105626925719983
12.303765415063634
13.52472150815618
12.92396295819427
13.486745601528238
13.227854267191278
12.217723904180005
11.55727185092654
11.099049898864525
10.60829057326532
11.92520851179767
13.188928069846732
13.464942270920996
7.121383333745462
12.716246013152054
12.144093116331598
11.760540471294881
11.170807395938148
13.111756416544846
12.263598236422796
10.721814710470573
11.890341563911829
14.47174200492234
13.501967498026653
12.091016154789827
14.114553981398418
12.184391188186694
10.98216341700011
12.393918039262294
11.797762507552381
12.78794197857336
12.263023696200749
11.8359926736139
12.42577308633087
12.290762422682928
15.675783947852281
11.961111477252054
9.799914049408716
11.439742074627754
12.813477630919897
11.041162225413316
12.283871569046276
13.754919942905204
14.134679841543074
15.22497310461515
10.881138676769803
7.564071321417406
14.037605103453926
11.02303648798253
12.52627483203576
11.346811210300755
11.803753886596448
11.19262612147397
14.011232754655197
12.425595737023475
12.71927209089129
11.698850081840792
21.02400608356459
9.97354341429175
12.795813679858584
13.690204082553155
11.802662515085313
11.082889959860111
13.601388852780143
13.737557989003793
12.203249713284418
12.977835224238738
12.237684411311
8.047861050690035
11.85354592354682
13.119962003557482
11.311608030188433
13.309938806628365
13.165672426378546
13.918203049748461
13.243265142448063
9.873705269759094
11.273443995122907
12.501177484958129
5.9764080388084055
12.4155469623268
13.296340048879404
12.494865584777749
13.688397870821607
13.572921717384546
12.033011129585079
10.48171425363993
10.779734179840519
12.424807795693102
11.127690532655313
20.19521722236003
14.191202283671473
13.359518612494501
11.234079217235221
14.374646532968068
13.723097583475813
11.256117123031151
10.514638572373615
10.053522694249587
11.783911970822999
12.418974203471224
7.0073906393675
15.17422173916486
13.172762262389966
11.900827162288879
14.218924229941026
11.245518924199207
11.4741294129021
13.267969166537863
10.298544949868452
11.713731070556683
11.366635938088212
6.750130809809873
10.619520082366638
10.237995151714037
12.182354278557929
14.262927381819473
12.110796122294778
11.874804310601368
12.11748592088753
12.90272528422315
13.490674982734085
13.433573163412156
8.556819832091644
11.95385794968825
12.227144497190686
12.568330165159194
13.052098773492792
11.879263099484522
13.743277920651904
9.30537075381481
12.06797159869872
13.970845909928887
12.564900880435017
5.3588322397875885
11.931390095174097
11.435903908206882
11.384599870498429
11.720670091996992
11.501570528126123
9.813631594368847
13.311282759041346
12.308554616423939
15.219659736636
14.87510897717378
2.0629372156940295
11.07225849796465
11.02284827659859
15.212314863479985
11.184894556195452
11.447543847647177
12.905653386803245
12.639602307932352
11.262218035177261
11.768977881351923
14.670661515567062
5.985689269673714
