11.813615372895418
12.702521390756136
12.021481677751526
13.914216029473014
12.319662886131653
23.329825582690283
13.18353530079636
11.737392723235136
12.95623160405562
12.414290505890719
12.895015824165116
5.651202230911851
13.980663569996306
12.409515642893195
12.79464624020959
12.107290647226003
11.80146524416268
10.898295389978497
13.469593419974267
12.22561273267942
12.366649546101554
13.688151026184107
11.168996159893984
4.347549642813584
12.576663104098177
13.229817692314395
12.982359434792299
12.307327345792196
12.150851975699135
6.19264392696305
12.445927357496746
12.812388052102397
11.974200807793043
12.628170408503797
13.547641472874128
2.6102960297357085
12.19877720942855
14.875386721929388
12.392065130487419
11.799849583588449
11.457676502244167
6.401273850983349
13.970190191592161
12.160777996673362
12.517071472475912
13.21199891323047
10.673050241840134
26.844578757943033
12.606098794101236
14.286555467090652
12.75724736099023
10.825864789923576
12.591612527976212
5.549526043148989
11.28053649167623
13.97257325422653
11.272563094120942
14.01964607521241
12.26533575992565
10.848306451638077
12.803522602785495
12.514191163185497
14.02499936897698
11.116917106251428
12.412362464227323
7.352016001222152
12.446451464282275
12.9502049963791
12.85038938414781
11.629311695149017
13.158581017515957
5.125860746721021
12.187872465262023
13.615945869956803
12.200046126481705
13.04323606625588
11.711077566498938
16.92242954856577
11.650702171284973
12.338402471029601
13.033261516662618
13.023248278656867
12.469478729292312
11.030746145871909
13.042900311478128
12.1797006544589
12.210287065810213
13.222224074362689
12.214393404913729
6.732627553429149
12.827287579243906
11.717587181891773
12.81090048133144
13.397591878380549
12.153335025666566
14.209482513819667
13.656125973764599
11.44793991813115
13.047698327315244
12.256815979848405
12.543637210660082
4.7495462301244995
13.22543764598111
13.545610027805711
10.796084958884546
12.815526390859047
12.496657267889432
6.1878440067723455
12.083035239565675
12.937839079757907
13.270270047692016
12.453418455411589
12.35947191511465
13.830006823755264
13.733766162557615
12.893072684282343
12.329806330413621
12.193416782911871
11.675952449397263
9.713547077467215
13.439654510235455
13.892848726144651
12.446796565822732
10.835579820160179
11.935095420043648
12.987370738762126
12.516770366403366
11.939822944593534
12.351766952569415
12.71146268410272
13.3862280375847
13.363264122321675
12.921508931483437
12.905521695552451
11.837876929593216
12.604441002416507
12.560679137705518
12.517030634627492
13.074627808621718
12.902054592014114
12.9210347982965
12.98780779212247
10.933042478957066
4.68149314014666
13.975716920864862
11.509586484956246
12.42577756601643
12.485944856907167
13.01058646285485
8.550762958951427
13.298125767407273
12.77985074094911
11.884015646272912
12.762416403680673
11.462103723895703
38.45664697148027
11.841332181268644
13.06146440553249
13.315176108295447
12.15176803220806
12.541435839449926
6.198176872711052
11.968146326363904
12.0927954797329
13.454256335814502
13.10461004545192
12.400763924970573
5.3946645445380295
13.076877694029617
11.191851062822554
12.195429486746702
13.167882999943282
13.524305715739105
9.239135547841405
13.96899195382597
12.494719343571083
11.606483068472981
12.580544943840247
12.230336503197503
7.14862427180868
12.978453753849891
12.85528714548117
11.203535639048491
12.254314674816134
13.153862888395894
11.941659252717262
13.450603394995078
12.266566071581588
11.21602671943562
13.074510519227204
13.239749038023483
6.652999442417724
12.089012617836858
13.017915558501723
12.181586606271523
12.986622309468657
11.840249704356891
27.331601095746866
12.762412816869823
12.351872574776491
13.601449193597556
12.248004361521257
11.925814516412823
20.803501509333184
11.873123181250518
12.286167237812931
12.641821805789542
12.953378856642422
13.041774241498391
17.48951799639126
14.409191038255864
10.942221358204792
13.444773422153565
12.741980330550689
11.32499215839443
2.659226488926654
11.864039452433824
10.947289146105419
14.678091339014255
12.894460840272776
12.19865274963797
4.689031732160178
12.551319821933506
12.600970978638598
13.506163708836155
11.657794594377082
12.627459295974166
7.740341813378751
11.886116045145776
11.68846868896729
12.407743657133347
12.839265583461394
14.331115077864666
14.019596553553674
13.510633448751522
11.131622058062998
12.374681256745754
13.62287424285781
12.149606806668297
14.971845016178753
12.920630324728018
12.31699409376571
12.610290418482698
12.8889191579646
11.96550561342733
28.080250858588318
12.6959020295813
12.866982343158034
13.494305575278203
12.501285944596047
11.342145822135507
10.288345810152249
12.849676319602557
11.903977545194058
13.659412288505784
13.153582159731718
11.465736097087133
4.750371015012768
12.829210353940887
12.00307552344333
11.886364447973108
14.332731781394042
11.813964107140528
11.646463248607787
11.565555313176642
13.750017755670354
11.95850700934603
11.530387205187973
13.65858505851837
17.218490349392113
13.138154912389833
10.95512391487355
11.885940812121596
13.50086181150375
13.29429219462453
17.932065984668796
12.044511892294882
11.875273048875616
12.818330061723682
14.014447523177031
12.472440321690259
5.618840893444114
11.947128167888756
13.411086981610413
11.697310466237727
12.639184216599299
13.247830195273961
15.280081675046562
12.159171805035696
12.000193912210921
12.858850517098865
12.462157071980707
13.539262544504536
7.448923778244852
13.190909428569903
12.261983809655034
12.165467991417154
12.792457050835111
12.643098756515041
11.331580830629667
12.642512195921483
12.865695591256424
12.66210862182822
11.507752169096776
13.22180111710479
11.178457004478595
14.14267293526603
12.902521735640358
12.155498098934618
11.561208621930698
12.26863580185167
11.013772838526855
11.927657458661859
13.724926646441332
10.845906243877298
12.311813412804742
13.72428514741723
11.935991601363185
12.297154812373966
13.133638572695807
12.555678608009094
11.998074059111724
13.065479577566101
4.552144461191521
12.187031115780094
11.13039995789263
14.738129575319462
13.726656987793746
11.10492360658575
13.730691565581852
11.643087119021862
11.57887288302324
13.417225575306986
12.178868763573716
14.136363631903306
2.8874598314538122
12.503221630742251
11.431296078279876
12.851440206485005
13.203060280906469
13.097445965542766
8.602543884892649
12.180631452957332
12.260987628529486
12.729421127115142
13.667828642287036
11.96603864830033
11.722088066245385
13.164481516884683
13.11670415372876
12.615722268830185
12.054660918230576
12.306900222672658
2.938204903943248
12.216278372540085
13.507191190887449
12.426831140807717
12.865368249502714
12.409434488769207
3.458040906806479
11.524850946153476
13.538821315653276
13.39826382449391
12.85197211543269
11.969913276734259
7.346974805172657
12.447088944542791
10.954529153933317
13.63108871623407
12.442879744964838
12.928558650684138
6.495215782709982
10.670455815912268
12.207537489502835
12.072512567497407
13.659030797038753
13.580064501152737
26.791544659358017
13.344024440971697
12.377668613186069
12.840006558900864
13.298076427435731
11.275656372723594
6.381291893532904
12.485982130207434
13.793114777264382
11.810493096919485
11.790637579091488
12.75911431757492
4.730637488281281
13.91282488091445
11.747722648528855
13.95853004127175
11.883018597201863
11.642133003202542
1.7940606011156546
12.666725627025777
11.997144359318192
12.983477142543038
13.396864088555446
12.172729932266888
10.524235684512394
11.993501811120861
13.027558094188677
13.384497577071206
12.760302999600032
12.067479820321523
5.450356554039571
12.360060179727459
13.24642608234682
12.17094854665776
12.13889295479488
13.018588934170786
7.761664687468992
13.365390070379481
13.492373537549197
12.21915460487396
13.00007864121346
10.994760132272598
9.046400199382228
12.042129314119192
11.583411859113513
12.841237660114958
13.107265734662684
13.293586297365652
7.5311340069840975
12.758451764640727
12.678756632689838
13.670324130788572
11.469509671281044
12.39539113685191
1.8420626791355759
12.611200325790824
13.357232101526966
10.60843507089148
12.388723451187374
14.058110208932222
10.194103137085246
12.626130006282482
11.97337885258213
11.900943084019119
13.281279871289938
12.733590131104155
8.44955103657742
12.628626538620624
12.81878121091855
12.485703494318887
12.287918881545936
12.874955556848354
5.247521314863921
11.458885003883518
12.231916509449393
12.27331131081692
14.500316221801047
11.963108575820709
10.846066625965507
13.837830390879844
12.55712289695449
12.650548484280238
12.173875597783661
11.408531316168274
21.73218025627908
11.631163573110522
12.411929120691525
13.205067003073633
12.9523969751681
13.099957508280323
3.8267279119165005
14.382814091356511
12.428116675765693
11.58109582015052
11.557435942349992
12.896952164060712
3.2169179795149065
10.431695660487193
13.913851394208477
13.344870598438282
12.908146827356806
12.150265512587254
5.244291562655591
12.559064556688229
12.396538995911255
12.085943181357747
13.468331385787284
12.576179003191411
4.923037049700582
12.090785883121262
13.527683272522301
12.700564418475722
11.873248483082278
12.524451792401747
11.9039756224598
13.182318804092638
11.817826619179034
12.077580487806866
13.138681020743435
12.56302228003253
7.754295143349008
11.95683217124373
13.438813753002556
13.727680193361548
10.510466672225775
13.069831506391685
9.898568144239466
11.82023698236782
12.6290476136536
13.333369127861296
12.665382387071547
12.37776661782377
24.710132278218005
12.52265464158702
12.181630447576717
12.442815976843576
12.305334184395337
13.358437809780508
13.046102498649681
12.052970323863313
11.69370631296957
13.988709392882376
12.850679704672057
12.59349192314663
10.031009279018823
12.519840211671283
13.207883295681551
12.47747849056138
12.296977991547735
12.841720680619964
5.035408907426509
12.868883772715645
10.865343037441987
12.83311270652141
14.686314571510422
11.777611937245
6.623507349537328
12.39299536950271
12.314930012821963
12.770808574077924
12.934818303174298
12.75615169743327
10.64029911567321
11.453252898330893
12.670715354228847
12.401566781765041
12.902917316194609
13.510579237870353
13.062716687609136
13.856717548388591
12.829481529410165
11.606072881658765
11.545281203435724
13.108857027535214
3.7376541361075812
13.299013855592827
11.635579863075153
13.252290347818773
12.1745361239755
12.415233213559475
10.474912554756013
12.365809254771426
12.991470473110846
12.013921927012818
13.090188208874233
12.472581011948144
2.9675325808708948
14.066560286229636
10.93112991118731
12.169954317331577
12.247416944064483
13.518316770429077
5.699197665849451
12.338325177611285
12.020112031995323
12.48323582881508
13.2513697653933
13.211703828121193
2.6230870497318977
13.20243503189788
13.044523436093964
12.942361259284192
11.576773416598332
12.176216105484533
12.949370167855292
12.706973610766907
11.594613343865763
12.109683085798594
11.565780916479778
14.917456295204486
4.76912293182073
11.321596987598939
12.648794582667996
11.692721745653962
13.565955780924542
13.75156684964708
4.328979407853893
13.944959620010053
11.997371385683433
12.168261558475342
12.121495320450812
12.872590959960661
12.414758795961928
